3,1
3,3
10,129
10,121
10,249
10,144
10,263
10,244
10,182
9,7
9,4
9,6
8,6
8,5
8,8
8,15
8,18
8,16
49,4
49,3
49,2
49,1
36,3
36,2
36,1
36,0
35,5
35,4
35,3
35,2
35,1
35,0
34,4
34,3
34,2
34,1
34,0
33,4
33,3
33,2
33,1
33,0
31,3
31,2
31,1
31,0
20,3
20,2
20,1
19,3
19,2
19,1
12,3
12,2
12,1
11,30
11,29
11,28
11,27
11,26
11,25
11,24
11,23
11,22
11,21
11,20
11,19
11,18
11,17
11,16
11,15
11,14
11,13
11,12
11,11
11,10
11,9
11,8
11,7
11,6
11,5
11,4
11,3
11,2
11,1
10,316
10,313
10,312
10,309
18,1
10,306
18,3
10,298
